
  10.0000  10.0000  10.0000  10.0000  10.0000  10.0000  10.0000  10.0000  10.0000   0.0000
  10.0000   9.7258   9.4516   9.1707   8.8625   8.4824   7.9331   6.9833   5.0000   0.0000
  10.0000   9.4516   8.9100   8.3685   7.7971   7.1339   6.2668   5.0000   3.0167   0.0000
  10.0000   9.1707   8.3685   7.5960   6.8236   5.9894   5.0000   3.7332   2.0669   0.0000
  10.0000   8.8625   7.7971   6.8236   5.9118   5.0000   4.0106   2.8661   1.5176   0.0000
  10.0000   8.4824   7.1339   5.9894   5.0000   4.0882   3.1764   2.2029   1.1375   0.0000
  10.0000   7.9331   6.2668   5.0000   4.0106   3.1764   2.4040   1.6315   0.8293   0.0000
  10.0000   6.9833   5.0000   3.7332   2.8661   2.2029   1.6315   1.0900   0.5484   0.0000
  10.0000   5.0000   3.0167   2.0669   1.5176   1.1375   0.8293   0.5484   0.2742   0.0000
  10.0000   0.0000   0.0000   0.0000   0.0000   0.0000   0.0000   0.0000   0.0000   0.0000
